++++++++++++++++++++
ACCURACY_[64] = 0.31117021276595747
Precision[64] = [0.44396552 0.26300294 0.24128181]
Recall_[64] = [0.35304199 0.28663102 0.28256071]
F1_[64] = [0.39331742 0.27430911 0.26029487]
