++++++++++++++++++++
ACCURACY_[32] = 0.7078598484848485
Precision[32] = [0.78118861 0.5865609  0.75915624]
Recall_[32] = [0.78003923 0.58862093 0.75757576]
F1_[32] = [0.7806135  0.58758911 0.75836517]
++++++++++++++++++++
ACCURACY_[64] = 0.7232481060606061
Precision[64] = [0.78290766 0.61572562 0.77375985]
Recall_[64] = [0.83215871 0.60086521 0.75028096]
F1_[64] = [0.80678223 0.60820466 0.76183955]
